# Created by Octave 6.2.0, Wed Jul 14 05:12:16 2021 GMT <unknown@MFNM0324>
# name: db_data
# type: matrix
# rows: 1
# columns: 1000
 -4.5059742999785328 -2.5180212592535263 -1.2397181860439161 -0.46319368248380927 -0.084307294048372006 -0.049725146809105183 -0.33730164403399521 -0.94975378645627573 -1.916579253043329 -3.3057262598946968 -5.255413918444475 -8.0655049910209708 -12.542766899689092 -22.641216570022813 -21.14459136118629 -12.292326091405316 -9.9942579630869961 -5.6269518128266611 -3.8377557294096691 -2.5412299909844278 -1.5925317612608689 -0.90916870375897407 -0.44008125189355252 -0.15201623686088073 -0.022799385211910821 -0.037766531337969887 -0.18781603758803775 -0.46839660515735249 -0.87912322656860797 -1.4239158187514345 -2.1117024892440441 -2.9578982621230527 -3.9871542057531046 -5.2384709283583195 -6.7752342303835542 -8.7068600144198403 -11.242722707972563 -14.861211654509283 -21.128129826293186 -46.561330938164602 -20.602989015599334 -14.893638235968055 -11.584875781608881 -9.2883698647533244 -7.5583736139108249 -6.193823669254849 -5.0864538248564406 -4.171097249873398 -3.4053804179713589 -2.7601381557782787 -2.2144004505411878 -1.7525599964753962 -1.3626722180409223 -1.0353841133782671 -0.76323172418844609 -0.54016364132111416 -0.36120847484054852 -0.22223705082290507 -0.11978872714741033 -0.050942207341875788 -0.013217932474147811 -0.0045033409618283286 -0.022995001801873291 -0.06715342073640608 -0.13566753021164946 -0.22742670882013566 -0.34149876280075631 -0.47711272310638453 -0.63364562008459535 -0.81061262966088621 -1.0076601645766621 -1.224561629023202 -1.4612156777246488 -1.7176469312343823 -1.9940092065268411 -2.2905914341413149 -2.6078265589497147 -2.9463038715862617 -3.3067854051337848 -3.6902272753297249 -4.0978071684870434 -4.5309596281617841 -4.9914214171934121 -5.4812901253971376 -6.003100495350898 -6.5599248756955966 -7.1555071572282483 -7.7944441372026887 -8.4824356047198464 -9.2266365630748215 -10.036165708842447 -10.922861076559853 -11.902442219908011 -12.99637285422623 -14.235000285852834 -15.663190487379236 -17.351296730013722 -19.418965217939615 -22.095485758372213 -25.915291995034863 -32.738320846399709 -47.708257210999164 -30.243276885983271 -24.88469763448288 -21.642246720305586 -19.323218892328789 -17.524790828553449 -16.061263877803132 -14.831530605094409 -13.774395484762801 -12.849981921588103 -12.030845838914924 -11.297285936807773 -10.634676251935053 -10.031857126845447 -9.4801174601928029 -8.972525243213207 -8.5034724623076734 -8.0683569231704801 -7.6633543486020503 -7.2852516518688804 -6.9313226747627823 -6.5992340339152502 -6.2869727206640302 -5.9927896856489351 -5.715155349034009 -5.4527241313371233 -5.204305893474185 -4.9688427297633879 -4.7453899519397833 -4.5331003863596866 -4.3312113139332933 -4.1390335355487107 -3.9559421601914462 -3.7813687993559846 -3.6147949171827265 -3.455746136375375 -3.3037873392283386 -3.1585184337791459 -3.0195706792392762 -2.8866034840593846 -2.7593016052582096 -2.6373726899068499 -2.5205451096393316 -2.4085660470542507 -2.3011997995254001 -2.198226271282691 -2.0994396291347548 -2.0046471008583993 -1.91366789837824 -1.8263322504267543 -1.7424805315053458 -1.6619624758290441 -1.5846364664109029 -1.510368890801657 -1.4390335560750018 -1.3705111565809465 -1.304688788852935 -1.2414595086878435 -1.180721926055583 -1.1223798340047058 -1.0663418681675381 -1.0125211938789733 -0.96083521823294205 -0.91120532472253424 -0.86355662836191072 -0.81781774939488472 -0.7739206039275065 -0.73180020996611905 -0.69139450752995057 -0.65264419159670184 -0.61549255681513426 -0.57988535297981192 -0.54577065040368722 -0.51309871435602927 -0.48182188784537944 -0.45189448210793626 -0.42327267416566683 -0.39591441093548785 -0.36977931938495195 -0.34482862227124811 -0.32102505906144785 -0.29833281165123698 -0.27671743453389219 -0.25614578910832403 -0.23658598181882237 -0.21800730589049078 -0.20038018636382388 -0.18367612827090152 -0.16786766767506009 -0.15292832543339741 -0.13883256346518985 -0.12555574341081913 -0.11307408747334668 -0.10136464134487999 -0.090405239070438598 -0.080174469730463369 -0.070651645821256076 -0.06181677326568543 -0.05365052290922416 -0.04613420342339767 -0.039249735587735805 -0.032979627774122673 -0.027306952651554452 -0.022215324993937205 -0.017688880545469989 -0.013712255865325148 -0.010270569134871626 -0.0073494018260163432 -0.0049347812288715511 -0.0030131637575481775 -0.0015714190226089053 -0.00059681458223187587 -7.7001419385356294e-05 -0 -0.00035418697287181727 -0.0011282824319243142 -0.0023113377347281187 -0.0038927238080365247 -0.0058621199819949565 -0.0082095032732517961 -0.010925138110699954 -0.013999566485489548 -0.017423598506081783 -0.021188303347066065 -0.025285000535147983 -0.0297052516023542 -0.034440852073928357 -0.039483823754892476 -0.044826407339897401 -0.050461055277016595 -0.056380424950062694 -0.062577372085138763 -0.069044944425922877 -0.075776375641791099 -0.082765079469617128 -0.090004644072512213 -0.097488826596044895 -0.10521154794277189 -0.11316688773184534 -0.12134907943067125 -0.12975250567343632 -0.13837169375084984 -0.1472013112489538 -0.15623616184772704 -0.16547118127389682 -0.17490143337991951 -0.18452210638084857 -0.1943285092055056 -0.20431606796416718 -0.21448032257383176 -0.22481692345438797 -0.23532162837227893 -0.24599029935368996 -0.25681889974686128 -0.26780349133799625 -0.27894023158779785 -0.29022537094957712 -0.30165525028381523 -0.31322629834665716 -0.32493502936745305 -0.33677804068646405 -0.34875201050213245 -0.36085369566193326 -0.37307992952242253 -0.38542761989821406 -0.39789374706108838 -0.41047536179109023 -0.42316958352515927 -0.43597359850297268 -0.44888465803779004 -0.46190007678662781 -0.47501723110211014 -0.48823355742882407 -0.50154655072799548 -0.51495376299188722 -0.52845280175418607 -0.54204132867631638 -0.55571705817947392 -0.56947775607705675 -0.58332123829709182 -0.59724536960829777 -0.61124806239736706 -0.62532727548713507 -0.63948101295470128 -0.65370732304001644 -0.66800429702920172 -0.68237006821113577 -0.69680281083199502 -0.71130073911739478 -0.72586210627143388 -0.74048520355185843 -0.75516835933927018 -0.76990993824652665 -0.78470834025351488 -0.79956199985456167 -0.81446938524045032 -0.82942899749422772 -0.84443936982113921 -0.85949906678633214 -0.87460668356913018 -0.88976084526678145 -0.90496020617400641 -0.92020344912250684 -0.93548928480992699 -0.95081645114893487 -0.96618371266285707 -0.98158985985275149 -0.99703370861034424 -1.012514099644181 -1.028029897910967 -1.0435799920670128 -1.0591632939274962 -1.07477873795308 -1.090425280747265 -1.1061019005312303 -1.1218075967060257 -1.1375413893379878 -1.1533023187306126 -1.1690894449641684 -1.1849018474588837 -1.2007386245585916 -1.2165988931044809 -1.2324817880444776 -1.2483864620200764 -1.2643120850000169 -1.2802578438952299 -1.2962229421948666 -1.3122065996074901 -1.3282080517237693 -1.3442265496483985 -1.3602613597008655 -1.3763117630756505 -1.3923770555238923 -1.4084565470409791 -1.4245495615921242 -1.4406554367789246 -1.4567735235819836 -1.4729031860660304 -1.4890438011121645 -1.5051947581521432 -1.5213554588893865 -1.5375253170740242 -1.5537037582298918 -1.5698902194211621 -1.5860841490013156 -1.6022850064062275 -1.6184922619071898 -1.6347053963891232 -1.6509239011419206 -1.6671472776507335 -1.6833750373621208 -1.6996067015434813 -1.7158418009921017 -1.7320798759454081 -1.7483204758084461 -1.7645631590055009 -1.7808074927940665 -1.7970530531119846 -1.8132994243578839 -1.829546199242515 -1.8457929786457894 -1.8620393714249628 -1.8782849942654614 -1.8945294715377776 -1.9107724351317044 -1.9270135243150381 -1.943252385579207 -1.9594886725274252 -1.9757220456832993 -1.9919521724089075 -2.008178726742206 -2.0244013892774899 -2.0406198470315444 -2.0568337933147012 -2.0730429276349538 -2.0892469555492079 -2.1054455885574388 -2.121638543991601 -2.1378255448988677 -2.1540063199487385 -2.1701806032956488 -2.1863481344839899 -2.2025086583776012 